
25 trivial 37.28209090232849 17068 4219
25 dense 28.959390878677368 16811 4296
25 noise_adaptive 30.396129608154297 16946 4404
25 sabre 30.7848002910614 17125 4443
50 trivial 79.82825803756714 47263 8634
50 dense 81.65004229545593 46817 8759
50 noise_adaptive 80.71456742286682 47572 8843
50 sabre 79.89381670951843 46776 8208
75 trivial 143.60411667823792 85640 13548
75 dense 116.52563691139221 85122 13079
75 noise_adaptive 193.81434559822083 86028 13240
75 sabre 186.48727202415466 86123 13008
100 trivial 252.8849663734436 129381 17110
100 dense 255.95058798789978 129469 17603
100 noise_adaptive 214.65230345726013 129630 18066
100 sabre 220.1932291984558 129920 18822
125 trivial 400.68124556541443 184928 23001
125 dense 516.1291427612305 185536 23145
125 noise_adaptive 455.8524498939514 185345 22998
125 sabre 459.59569025039673 185896 23806